# POST URL:
https://jira.shlx.vn/v1/logs?sn=572345600091463&iid=7426&tid=534347&v=2025.04.25.22.11

# Body dạng raw text (mỗi dòng một bản ghi):
# timestamp latitude longitude velocity distance distance2 direction session_id session_state face_id face_image

# === Bản ghi CÓ ảnh ===
1763365099 20.9843567 105.8082934 0 8 452 0 804109f0-d105-473f-9845-81530bcf1550 2 1 /2025/11/17/534347/804109f0-d105-473f-9845-81530bcf1550/6065f58fa3ad4d2f8ed496d53c74cbd3.jpg
1763364974 20.9830043 105.8062953 100 37 624 56 804109f0-d105-473f-9845-81530bcf1550 1 1 /2025/11/17/534347/804109f0-d105-473f-9845-81530bcf1550/65855917bd5042689a9bf23ef651bc79.jpg
1763364674 20.9837988 105.8074873 1600 93 693 235 804109f0-d105-473f-9845-81530bcf1550 1 1 /2025/11/17/534347/804109f0-d105-473f-9845-81530bcf1550/a8d9bf9067d047e6a3702a15dc44c310.jpg
1763364374 20.9807269 105.8114646 2100 158 704 324 804109f0-d105-473f-9845-81530bcf1550 1 1 /2025/11/17/534347/804109f0-d105-473f-9845-81530bcf1550/db6803161bce4093bf4fd8aafe64d105.jpg
1763364074 20.9710666 105.8247342 2200 142 615 287 804109f0-d105-473f-9845-81530bcf1550 1 1 /2025/11/17/534347/804109f0-d105-473f-9845-81530bcf1550/8688486560974b7cbe2244b8968f5447.jpg
1763363774 20.9684638 105.8303065 800 108 566 301 804109f0-d105-473f-9845-81530bcf1550 1 1 /2025/11/17/534347/804109f0-d105-473f-9845-81530bcf1550/dc37350c860c495eb75af168da3019a1.jpg
1763363474 20.9658755 105.8433865 0 3 664 0 804109f0-d105-473f-9845-81530bcf1550 1 1 /2025/11/17/534347/804109f0-d105-473f-9845-81530bcf1550/c9fac01b8b37456f9fcb3622e5de013a.jpg
1763363174 20.9645861 105.8585903 5000 332 724 280 804109f0-d105-473f-9845-81530bcf1550 1 1 /2025/11/17/534347/804109f0-d105-473f-9845-81530bcf1550/f61fb959b64244eb8ccc77a11aa7e4f9.jpg
1763362874 20.9766116 105.8863952 5200 334 633 223 804109f0-d105-473f-9845-81530bcf1550 1 1 /2025/11/17/534347/804109f0-d105-473f-9845-81530bcf1550/913f0b809bd24511b59cb0bc8057c035.jpg

# === Bản ghi KHÔNG có ảnh ===
1763365074 20.9843171 105.8082411 400 51 0 57 804109f0-d105-473f-9845-81530bcf1550 1 0
1763365049 20.9840181 105.8079152 900 88 0 62 804109f0-d105-473f-9845-81530bcf1550 1 0
1763365024 20.983613 105.8072446 1700 72 0 57 804109f0-d105-473f-9845-81530bcf1550 1 0
1763365000 20.9832625 105.8066963 300 53 0 51 804109f0-d105-473f-9845-81530bcf1550 1 0
1763364949 20.9828313 105.8060212 1800 110 0 56 804109f0-d105-473f-9845-81530bcf1550 1 0
1763364924 20.9822587 105.8052182 900 57 0 39 804109f0-d105-473f-9845-81530bcf1550 1 0
1763364899 20.9818329 105.8051333 600 52 0 332 804109f0-d105-473f-9845-81530bcf1550 1 0
1763364874 20.9817638 105.8048118 800 68 0 106 804109f0-d105-473f-9845-81530bcf1550 1 0
1763364849 20.9818813 105.8042166 500 43 0 106 804109f0-d105-473f-9845-81530bcf1550 1 0
1763364824 20.9820687 105.8040629 800 49 0 208 804109f0-d105-473f-9845-81530bcf1550 1 0
1763364799 20.9823521 105.8043853 600 35 0 279 804109f0-d105-473f-9845-81530bcf1550 1 0
1763364774 20.9822006 105.8046561 1200 48 0 301 804109f0-d105-473f-9845-81530bcf1550 1 0
1763364749 20.9820671 105.8049963 300 90 0 287 804109f0-d105-473f-9845-81530bcf1550 1 0
1763364724 20.9825806 105.8056137 1500 118 0 233 804109f0-d105-473f-9845-81530bcf1550 1 0
1763364699 20.9831537 105.8065113 1500 130 0 229 804109f0-d105-473f-9845-81530bcf1550 1 0
1763364649 20.9843056 105.8081224 1100 69 0 207 804109f0-d105-473f-9845-81530bcf1550 1 0
1763364624 20.9848112 105.8080338 900 76 0 145 804109f0-d105-473f-9845-81530bcf1550 1 0
1763364599 20.9853398 105.8076284 1100 85 0 144 804109f0-d105-473f-9845-81530bcf1550 1 0
1763364574 20.9859434 105.8071857 1100 114 0 143 804109f0-d105-473f-9845-81530bcf1550 1 0
1763364549 20.9866632 105.8065002 1000 85 0 149 804109f0-d105-473f-9845-81530bcf1550 1 0
1763364524 20.9871683 105.8066682 0 75 0 0 804109f0-d105-473f-9845-81530bcf1550 1 0
1763364499 20.9866571 105.8070635 2000 145 0 324 804109f0-d105-473f-9845-81530bcf1550 1 0
1763364474 20.9856454 105.8078385 2000 180 0 322 804109f0-d105-473f-9845-81530bcf1550 1 0
1763364449 20.9843779 105.8087746 2400 185 0 324 804109f0-d105-473f-9845-81530bcf1550 1 0
1763364424 20.9830773 105.8097337 2300 175 0 324 804109f0-d105-473f-9845-81530bcf1550 1 0
1763364399 20.9818456 105.8106565 2000 157 0 325 804109f0-d105-473f-9845-81530bcf1550 1 0
1763364350 20.9796122 105.8122825 2400 158 0 325 804109f0-d105-473f-9845-81530bcf1550 1 0
1763364325 20.9785091 105.8131204 1800 70 0 325 804109f0-d105-473f-9845-81530bcf1550 1 0
1763364300 20.9780154 105.8134769 100 15 0 318 804109f0-d105-473f-9845-81530bcf1550 1 0
1763364275 20.9779171 105.8135501 300 101 0 320 804109f0-d105-473f-9845-81530bcf1550 1 0
1763364250 20.9772085 105.8140778 2300 209 0 323 804109f0-d105-473f-9845-81530bcf1550 1 0
1763364225 20.9757319 105.815174 2900 221 0 323 804109f0-d105-473f-9845-81530bcf1550 1 0
1763364200 20.974333 105.8165374 3000 189 0 311 804109f0-d105-473f-9845-81530bcf1550 1 0
1763364175 20.9733676 105.817928 2800 178 0 298 804109f0-d105-473f-9845-81530bcf1550 1 0
1763364149 20.9727884 105.8194326 2100 198 0 283 804109f0-d105-473f-9845-81530bcf1550 1 0
1763364124 20.9721429 105.8210739 2800 208 0 285 804109f0-d105-473f-9845-81530bcf1550 1 0
1763364099 20.9715499 105.8228726 2200 210 0 287 804109f0-d105-473f-9845-81530bcf1550 1 0
1763364049 20.9708302 105.8259873 700 22 0 293 804109f0-d105-473f-9845-81530bcf1550 1 0
1763364024 20.9707454 105.8261621 0 0 0 0 804109f0-d105-473f-9845-81530bcf1550 1 0
1763364000 20.9707451 105.8261614 0 26 0 0 804109f0-d105-473f-9845-81530bcf1550 1 0
1763363974 20.9707285 105.8263809 200 81 0 312 804109f0-d105-473f-9845-81530bcf1550 1 0
1763363949 20.9703569 105.8270035 1500 79 0 303 804109f0-d105-473f-9845-81530bcf1550 1 0
1763363924 20.9700681 105.8276322 1300 88 0 302 804109f0-d105-473f-9845-81530bcf1550 1 0
1763363899 20.969593 105.8282336 100 52 0 328 804109f0-d105-473f-9845-81530bcf1550 1 0
1763363874 20.9693305 105.8286003 1600 164 0 294 804109f0-d105-473f-9845-81530bcf1550 1 0
1763363849 20.9686829 105.8299382 1700 23 0 297 804109f0-d105-473f-9845-81530bcf1550 1 0
1763363824 20.9685715 105.8301112 0 4 0 0 804109f0-d105-473f-9845-81530bcf1550 1 0
1763363799 20.9685489 105.8301361 0 22 0 0 804109f0-d105-473f-9845-81530bcf1550 1 0
1763363749 20.9680137 105.8311699 1700 106 0 296 804109f0-d105-473f-9845-81530bcf1550 1 0
1763363724 20.9675708 105.8320176 600 37 0 299 804109f0-d105-473f-9845-81530bcf1550 1 0
1763363699 20.9673896 105.8322843 1400 172 0 304 804109f0-d105-473f-9845-81530bcf1550 1 0
1763363674 20.9667681 105.833705 2400 168 0 287 804109f0-d105-473f-9845-81530bcf1550 1 0
1763363650 20.9664156 105.8351968 2100 166 0 278 804109f0-d105-473f-9845-81530bcf1550 1 0
1763363624 20.9662463 105.8367084 2900 174 0 275 804109f0-d105-473f-9845-81530bcf1550 1 0
1763363599 20.9660812 105.8382961 1700 152 0 276 804109f0-d105-473f-9845-81530bcf1550 1 0
1763363575 20.9659608 105.8396851 2500 153 0 274 804109f0-d105-473f-9845-81530bcf1550 1 0
1763363549 20.9658867 105.8410869 2000 122 0 271 804109f0-d105-473f-9845-81530bcf1550 1 0
1763363524 20.9658758 105.8422114 1400 94 0 268 804109f0-d105-473f-9845-81530bcf1550 1 0
1763363499 20.9658758 105.8430741 1200 34 0 268 804109f0-d105-473f-9845-81530bcf1550 1 0
1763363449 20.9658756 105.8434182 500 14 0 0 804109f0-d105-473f-9845-81530bcf1550 1 0
1763363424 20.9658888 105.8435377 1000 67 0 268 804109f0-d105-473f-9845-81530bcf1550 1 0
1763363399 20.9658728 105.8441581 1400 81 0 267 804109f0-d105-473f-9845-81530bcf1550 1 0
1763363374 20.9658903 105.8449053 500 42 0 272 804109f0-d105-473f-9845-81530bcf1550 1 0
1763363349 20.9658973 105.8452887 600 35 0 266 804109f0-d105-473f-9845-81530bcf1550 1 0
1763363324 20.9658856 105.8456053 500 36 0 269 804109f0-d105-473f-9845-81530bcf1550 1 0
1763363299 20.9658879 105.8459184 900 138 0 267 804109f0-d105-473f-9845-81530bcf1550 1 0
1763363274 20.9658922 105.8471824 3100 274 0 269 804109f0-d105-473f-9845-81530bcf1550 1 0
1763363249 20.9659064 105.8496955 4300 310 0 271 804109f0-d105-473f-9845-81530bcf1550 1 0
1763363224 20.9656225 105.8525267 4400 337 0 280 804109f0-d105-473f-9845-81530bcf1550 1 0
1763363199 20.965101 105.8555684 4500 334 0 279 804109f0-d105-473f-9845-81530bcf1550 1 0
1763363149 20.9641306 105.8615944 4500 298 0 274 804109f0-d105-473f-9845-81530bcf1550 1 0
1763363124 20.964124 105.8643245 4000 288 0 268 804109f0-d105-473f-9845-81530bcf1550 1 0
1763363099 20.9642222 105.866965 4000 297 0 267 804109f0-d105-473f-9845-81530bcf1550 1 0
1763363075 20.9642988 105.8696925 4300 309 0 266 804109f0-d105-473f-9845-81530bcf1550 1 0
1763363049 20.9646768 105.872497 4000 329 0 253 804109f0-d105-473f-9845-81530bcf1550 1 0
1763363024 20.9658047 105.8752486 4300 320 0 236 804109f0-d105-473f-9845-81530bcf1550 1 0
1763362999 20.9676177 105.8774394 4100 259 0 219 804109f0-d105-473f-9845-81530bcf1550 1 0
1763362974 20.9694167 105.8788323 3600 285 0 212 804109f0-d105-473f-9845-81530bcf1550 1 0
1763362949 20.971462 105.8802667 4400 291 0 213 804109f0-d105-473f-9845-81530bcf1550 1 0
1763362924 20.9734047 105.8819372 4200 323 0 227 804109f0-d105-473f-9845-81530bcf1550 1 0
1763362899 20.9750355 105.8843229 3800 292 0 235 804109f0-d105-473f-9845-81530bcf1550 1 0
1763362850 20.9787965 105.8883792 4600 348 0 219 804109f0-d105-473f-9845-81530bcf1550 1 0
1763362825 20.9810913 105.8904193 5200 373 0 220 804109f0-d105-473f-9845-81530bcf1550 1 0
1763362800 20.9835325 105.8926367 4800 354 0 219 804109f0-d105-473f-9845-81530bcf1550 1 0
