1763362784 11.735339516666667 106.11157454999999 6300 420 757 358 811f9794-22e1-4f10-8def-c400ec71ac3c 1 1 /2025/11/17/570578/811f9794-22e1-4f10-8def-c400ec71ac3c/ffd7bf6899aa44f887b786a111fbc9b5.jpg
1763362761 11.731743416666665 106.11167506666668 3700 331 0 359 811f9794-22e1-4f10-8def-c400ec71ac3c 1 0 
1763362736 11.728908850000002 106.1117343 6100 502 0 357 811f9794-22e1-4f10-8def-c400ec71ac3c 1 0 
1763362710 11.724612850000002 106.11185906666667 6900 497 0 358 811f9794-22e1-4f10-8def-c400ec71ac3c 1 0 
1763362685 11.720352583333332 106.11198551666666 7400 519 0 358 811f9794-22e1-4f10-8def-c400ec71ac3c 1 0 
1763362660 11.715904149999998 106.11209554999999 6000 455 0 0 811f9794-22e1-4f10-8def-c400ec71ac3c 1 0 
1763362635 11.712008966666668 106.11219246666666 6600 528 0 357 811f9794-22e1-4f10-8def-c400ec71ac3c 1 0 
1763362610 11.707482333333333 106.11233419999999 7600 523 0 357 811f9794-22e1-4f10-8def-c400ec71ac3c 1 0 
1763362585 11.703006616666668 106.1124563 6900 471 0 359 811f9794-22e1-4f10-8def-c400ec71ac3c 1 0 
1763362560 11.698970666666666 106.11254033333334 6000 525 0 359 811f9794-22e1-4f10-8def-c400ec71ac3c 1 0 
1763362534 11.6944722 106.11270941666668 7300 503 0 358 811f9794-22e1-4f10-8def-c400ec71ac3c 1 0 
1763362510 11.690161816666667 106.11278403333333 6500 472 0 358 811f9794-22e1-4f10-8def-c400ec71ac3c 1 0 
1763362484 11.686118316666667 106.11288233333335 6100 417 686 358 811f9794-22e1-4f10-8def-c400ec71ac3c 1 1 /2025/11/17/570578/811f9794-22e1-4f10-8def-c400ec71ac3c/8cae20a5d8ca45a19f24e762d2bcbb1b.jpg
1763362462 11.682548666666666 106.11298743333333 6500 526 0 358 811f9794-22e1-4f10-8def-c400ec71ac3c 1 0 
1763362436 11.6780513 106.11312895 7000 466 0 358 811f9794-22e1-4f10-8def-c400ec71ac3c 1 0 
1763362411 11.674057683333334 106.11322341666667 6000 456 0 358 811f9794-22e1-4f10-8def-c400ec71ac3c 1 0 
1763362386 11.670156283333332 106.11332183333334 5700 442 0 358 811f9794-22e1-4f10-8def-c400ec71ac3c 1 0 
1763362361 11.666371083333335 106.11338253333334 7100 548 0 358 811f9794-22e1-4f10-8def-c400ec71ac3c 1 0 
1763362336 11.661679516666668 106.11349841666667 6400 494 0 359 811f9794-22e1-4f10-8def-c400ec71ac3c 1 0 
1763362310 11.657449100000001 106.11358731666665 6400 452 0 359 811f9794-22e1-4f10-8def-c400ec71ac3c 1 0 
1763362285 11.653572016666665 106.11366971666666 6700 512 0 358 811f9794-22e1-4f10-8def-c400ec71ac3c 1 0 
1763362260 11.64918855 106.11380358333332 7300 546 0 359 811f9794-22e1-4f10-8def-c400ec71ac3c 1 0 
1763362235 11.644511683333333 106.11394408333332 8000 575 0 358 811f9794-22e1-4f10-8def-c400ec71ac3c 1 0 
1763362210 11.639591433333331 106.113989 7600 574 0 357 811f9794-22e1-4f10-8def-c400ec71ac3c 1 0 
1763362184 11.634677533333335 106.11409038333335 7800 539 696 357 811f9794-22e1-4f10-8def-c400ec71ac3c 1 1 /2025/11/17/570578/811f9794-22e1-4f10-8def-c400ec71ac3c/154bb05416b346f6a8674a76436a3434.jpg
1763362159 11.630060466666665 106.11414901666667 6200 562 0 358 811f9794-22e1-4f10-8def-c400ec71ac3c 1 0 
1763362134 11.625253883333334 106.11430125 6400 380 0 358 811f9794-22e1-4f10-8def-c400ec71ac3c 1 0 
1763362109 11.622005316666666 106.11429455000001 4100 433 0 357 811f9794-22e1-4f10-8def-c400ec71ac3c 1 0 
1763362084 11.618292366666667 106.11436251666667 7100 449 0 357 811f9794-22e1-4f10-8def-c400ec71ac3c 1 0 
1763362059 11.6144562 106.11448985 6300 500 0 358 811f9794-22e1-4f10-8def-c400ec71ac3c 1 0 
1763362034 11.610170866666666 106.11450054999999 7600 539 0 0 811f9794-22e1-4f10-8def-c400ec71ac3c 1 0 
1763362009 11.6055544 106.11446643333332 6400 460 0 0 811f9794-22e1-4f10-8def-c400ec71ac3c 1 0 
1763361984 11.601619216666666 106.11440748333334 6600 557 0 0 811f9794-22e1-4f10-8def-c400ec71ac3c 1 0 
1763361959 11.596848116666669 106.11436901666666 7400 517 0 1 811f9794-22e1-4f10-8def-c400ec71ac3c 1 0 
1763361934 11.592425383333333 106.1144413 7100 550 0 353 811f9794-22e1-4f10-8def-c400ec71ac3c 1 0 
1763361909 11.58773675 106.11490440000001 6200 500 0 359 811f9794-22e1-4f10-8def-c400ec71ac3c 1 0 
1763361884 11.5834552 106.11489858333334 7400 575 782 0 811f9794-22e1-4f10-8def-c400ec71ac3c 1 1 /2025/11/17/570578/811f9794-22e1-4f10-8def-c400ec71ac3c/fd159f52f05a41e8b808a4658ddbc8e3.jpg
1763361859 11.578527750000001 106.11490291666665 7400 515 0 0 811f9794-22e1-4f10-8def-c400ec71ac3c 1 0 
1763361834 11.574112883333331 106.11484639999999 7400 558 0 0 811f9794-22e1-4f10-8def-c400ec71ac3c 1 0 
1763361809 11.569328416666668 106.11484405000002 6400 485 0 0 811f9794-22e1-4f10-8def-c400ec71ac3c 1 0 
1763361784 11.565173750000001 106.11473563333332 7200 476 0 1 811f9794-22e1-4f10-8def-c400ec71ac3c 1 0 
1763361760 11.561098116666669 106.11458175000001 6100 441 0 2 811f9794-22e1-4f10-8def-c400ec71ac3c 1 0 
1763361734 11.557318966666665 106.11442736666667 5300 247 0 1 811f9794-22e1-4f10-8def-c400ec71ac3c 1 0 
1763361709 11.555200283333333 106.11433268333333 5100 236 0 3 811f9794-22e1-4f10-8def-c400ec71ac3c 1 0 
1763361684 11.553183116666666 106.11426876666668 0 0 0 11 811f9794-22e1-4f10-8def-c400ec71ac3c 1 0 
1763361659 11.553183116666666 106.11426876666668 0 0 0 11 811f9794-22e1-4f10-8def-c400ec71ac3c 1 0 
1763361634 11.553183116666666 106.11426876666668 0 235 0 11 811f9794-22e1-4f10-8def-c400ec71ac3c 1 0 
1763361609 11.551171199999999 106.11419048333333 5500 467 0 2 811f9794-22e1-4f10-8def-c400ec71ac3c 1 0 
1763361584 11.547172866666665 106.11403098333334 7000 467 729 2 811f9794-22e1-4f10-8def-c400ec71ac3c 1 1 /2025/11/17/570578/811f9794-22e1-4f10-8def-c400ec71ac3c/cc2aba6094714ff5b9e2de27503e69a4.jpg
1763361560 11.543172383333335 106.113862 6700 516 0 2 811f9794-22e1-4f10-8def-c400ec71ac3c 1 0 
1763361535 11.538750183333331 106.11369945 7000 476 0 2 811f9794-22e1-4f10-8def-c400ec71ac3c 1 0 
1763361510 11.534673283333332 106.11352878333334 6200 457 0 2 811f9794-22e1-4f10-8def-c400ec71ac3c 1 0 
1763361485 11.5307632 106.11335239999998 6700 445 0 3 811f9794-22e1-4f10-8def-c400ec71ac3c 1 0 
1763361460 11.526952683333331 106.11320771666666 5600 460 0 1 811f9794-22e1-4f10-8def-c400ec71ac3c 1 0 
1763361435 11.523009916666668 106.11304058333332 6300 451 0 2 811f9794-22e1-4f10-8def-c400ec71ac3c 1 0 
1763361409 11.519146000000001 106.11285528333335 6200 494 0 2 811f9794-22e1-4f10-8def-c400ec71ac3c 1 0 
1763361384 11.5149179 106.1127082 6200 494 0 1 811f9794-22e1-4f10-8def-c400ec71ac3c 1 0 
1763361359 11.510684483333334 106.11253856666666 6000 425 0 2 811f9794-22e1-4f10-8def-c400ec71ac3c 1 0 
1763361334 11.507046199999998 106.11247803333332 6400 584 0 358 811f9794-22e1-4f10-8def-c400ec71ac3c 1 0 
1763361309 11.502038666666666 106.11256743333334 7800 469 0 359 811f9794-22e1-4f10-8def-c400ec71ac3c 1 0 
1763361284 11.498018366666667 106.11264726666668 6400 503 671 359 811f9794-22e1-4f10-8def-c400ec71ac3c 1 1 /2025/11/17/570578/811f9794-22e1-4f10-8def-c400ec71ac3c/d49f047be85e45679e45b1dad6153573.jpg
1763361259 11.493708450000002 106.11274476666668 6700 458 0 359 811f9794-22e1-4f10-8def-c400ec71ac3c 1 0 
1763361234 11.489780416666667 106.11284208333333 6700 523 0 357 811f9794-22e1-4f10-8def-c400ec71ac3c 1 0 
1763361209 11.485297500000001 106.11293986666666 6500 443 0 358 811f9794-22e1-4f10-8def-c400ec71ac3c 1 0 
1763361184 11.481503783333334 106.11303631666667 6600 548 0 359 811f9794-22e1-4f10-8def-c400ec71ac3c 1 0 
1763361159 11.476811266666667 106.11315591666668 7200 471 0 359 811f9794-22e1-4f10-8def-c400ec71ac3c 1 0 
1763361134 11.4727738 106.11322935000001 6000 466 0 359 811f9794-22e1-4f10-8def-c400ec71ac3c 1 0 
1763361109 11.468775883333334 106.11330871666665 5600 444 0 359 811f9794-22e1-4f10-8def-c400ec71ac3c 1 0 
1763361084 11.464967133333335 106.11340890000001 6000 451 0 0 811f9794-22e1-4f10-8def-c400ec71ac3c 1 0 
1763361059 11.461103133333332 106.11333341666665 5400 384 0 1 811f9794-22e1-4f10-8def-c400ec71ac3c 1 0 
1763361034 11.45781055 106.1131898 3800 419 0 1 811f9794-22e1-4f10-8def-c400ec71ac3c 1 0 
1763361010 11.454226916666668 106.11303426666667 5100 372 0 2 811f9794-22e1-4f10-8def-c400ec71ac3c 1 0 
1763360984 11.451050833333333 106.11308011666667 4700 330 695 341 811f9794-22e1-4f10-8def-c400ec71ac3c 1 1 /2025/11/17/570578/811f9794-22e1-4f10-8def-c400ec71ac3c/cff3d19eb19b4247a6f5fce5a6eb2f81.jpg
1763360961 11.448481733333331 106.11428251666666 4700 360 0 339 811f9794-22e1-4f10-8def-c400ec71ac3c 1 0 
1763360935 11.445418966666667 106.1146027 4400 347 0 356 811f9794-22e1-4f10-8def-c400ec71ac3c 1 0 
1763360910 11.442453183333335 106.1146609 4800 378 0 12 811f9794-22e1-4f10-8def-c400ec71ac3c 1 0 
1763360885 11.439577783333334 106.11316755000001 3800 308 0 16 811f9794-22e1-4f10-8def-c400ec71ac3c 1 0 
1763360860 11.43694725 106.11316866666667 4500 374 0 357 811f9794-22e1-4f10-8def-c400ec71ac3c 1 0 
1763360835 11.433744966666666 106.11329156666667 4700 259 0 356 811f9794-22e1-4f10-8def-c400ec71ac3c 1 0 
1763360810 11.43152385 106.11338048333333 3600 355 0 2 811f9794-22e1-4f10-8def-c400ec71ac3c 1 0 
1763360785 11.42851305 106.11296031666667 5100 375 0 8 811f9794-22e1-4f10-8def-c400ec71ac3c 1 0 
1763360759 11.425344716666666 106.11241881666668 3500 168 0 10 811f9794-22e1-4f10-8def-c400ec71ac3c 1 0 
1763360734 11.423916783333334 106.11222341666668 1300 237 0 8 811f9794-22e1-4f10-8def-c400ec71ac3c 1 0 
1763360709 11.42191155 106.11187523333335 4900 345 0 13 811f9794-22e1-4f10-8def-c400ec71ac3c 1 0 
1763360684 11.418994549999999 106.11136145 3600 227 767 7 811f9794-22e1-4f10-8def-c400ec71ac3c 1 1 /2025/11/17/570578/811f9794-22e1-4f10-8def-c400ec71ac3c/29106356dc004bb4b9bb2a775f820d57.jpg
1763360660 11.417069700000003 106.11105491666667 2600 122 0 9 811f9794-22e1-4f10-8def-c400ec71ac3c 1 0 
1763360635 11.41603125 106.11090235000002 3000 344 0 9 811f9794-22e1-4f10-8def-c400ec71ac3c 1 0 
1763360610 11.413118933333331 106.11043071666667 5200 377 0 8 811f9794-22e1-4f10-8def-c400ec71ac3c 1 0 
1763360585 11.409913233333334 106.1099896 5500 414 0 8 811f9794-22e1-4f10-8def-c400ec71ac3c 1 0 
1763360560 11.406384333333332 106.10964851666668 4500 359 0 347 811f9794-22e1-4f10-8def-c400ec71ac3c 1 0 
1763360535 11.403969883333332 106.1115227 3800 199 0 317 811f9794-22e1-4f10-8def-c400ec71ac3c 1 0 
1763360510 11.402706633333333 106.11269841666666 900 167 0 314 811f9794-22e1-4f10-8def-c400ec71ac3c 1 0 
1763360485 11.401674066666665 106.11370488333333 4700 370 0 316 811f9794-22e1-4f10-8def-c400ec71ac3c 1 0 
1763360460 11.399335316666669 106.11589696666667 5400 427 0 316 811f9794-22e1-4f10-8def-c400ec71ac3c 1 0 
1763360434 11.396651016666665 106.11843841666665 5800 406 0 317 811f9794-22e1-4f10-8def-c400ec71ac3c 1 0 
1763360410 11.394126183333332 106.12088264999998 5200 387 0 316 811f9794-22e1-4f10-8def-c400ec71ac3c 1 0 
1763360384 11.391711899999999 106.12319855 5200 409 712 317 811f9794-22e1-4f10-8def-c400ec71ac3c 1 1 /2025/11/17/570578/811f9794-22e1-4f10-8def-c400ec71ac3c/612eea0b8bc24898aa2b8b282c4db09a.jpg
1763360360 11.389155533333334 106.12564853333333 5300 352 0 317 811f9794-22e1-4f10-8def-c400ec71ac3c 1 0 
1763360335 11.386968066666668 106.12777321666665 3900 289 0 316 811f9794-22e1-4f10-8def-c400ec71ac3c 1 0 
1763360310 11.385176750000001 106.12951640000001 3100 232 0 317 811f9794-22e1-4f10-8def-c400ec71ac3c 1 0 
1763360284 11.383557516666666 106.13068696666666 4400 432 0 325 811f9794-22e1-4f10-8def-c400ec71ac3c 1 0 
1763360259 11.380541083333332 106.13287790000001 7800 572 0 324 811f9794-22e1-4f10-8def-c400ec71ac3c 1 0 
1763360234 11.376519966666669 106.1357387 7200 490 0 324 811f9794-22e1-4f10-8def-c400ec71ac3c 1 0 
1763360209 11.373061949999999 106.13816948333333 6700 526 0 326 811f9794-22e1-4f10-8def-c400ec71ac3c 1 0 
1763360184 11.369312766666667 106.14072966666666 7500 503 0 325 811f9794-22e1-4f10-8def-c400ec71ac3c 1 0 
1763360159 11.365741116666667 106.14318524999999 7000 537 0 325 811f9794-22e1-4f10-8def-c400ec71ac3c 1 0 
1763360134 11.361910916666666 106.14579261666668 6500 477 0 325 811f9794-22e1-4f10-8def-c400ec71ac3c 1 0 
1763360109 11.358513166666667 106.14811614999999 6300 429 0 326 811f9794-22e1-4f10-8def-c400ec71ac3c 1 0 
1763360084 11.3554818 106.15024166666666 4600 234 750 327 811f9794-22e1-4f10-8def-c400ec71ac3c 1 1 /2025/11/17/570578/811f9794-22e1-4f10-8def-c400ec71ac3c/96a1ec1e8d7e4f0da863e1f30ccbc3ff.jpg
1763360059 11.353808250000002 106.15137223333335 1100 11 0 324 811f9794-22e1-4f10-8def-c400ec71ac3c 1 0 
1763360034 11.35372505 106.15142495 0 42 0 333 811f9794-22e1-4f10-8def-c400ec71ac3c 1 0 
1763360009 11.353410933333334 106.15161931666668 2600 293 0 325 811f9794-22e1-4f10-8def-c400ec71ac3c 1 0 
1763359984 11.351325483333335 106.15304235 4600 326 0 324 811f9794-22e1-4f10-8def-c400ec71ac3c 1 0 
1763359959 11.349000583333334 106.15462754999999 4100 351 0 329 811f9794-22e1-4f10-8def-c400ec71ac3c 1 0 
1763359934 11.346485483333334 106.15631101666668 6300 429 0 326 811f9794-22e1-4f10-8def-c400ec71ac3c 1 0 
1763359909 11.343421249999999 106.15838450000001 5900 458 0 326 811f9794-22e1-4f10-8def-c400ec71ac3c 1 0 
1763359884 11.340158033333333 106.16060851666667 6300 450 0 326 811f9794-22e1-4f10-8def-c400ec71ac3c 1 0 
1763359859 11.336943866666665 106.16278123333335 4900 376 0 323 811f9794-22e1-4f10-8def-c400ec71ac3c 1 0 
1763359834 11.334236266666668 106.16456198333331 6700 509 0 326 811f9794-22e1-4f10-8def-c400ec71ac3c 1 0 
1763359809 11.330577100000001 106.16698996666668 6200 410 0 325 811f9794-22e1-4f10-8def-c400ec71ac3c 1 0 
1763359784 11.327665216666666 106.16900255 5500 371 735 324 811f9794-22e1-4f10-8def-c400ec71ac3c 1 1 /2025/11/17/570578/811f9794-22e1-4f10-8def-c400ec71ac3c/604f94749cca4060a2c0312b9a8057d3.jpg
1763359760 11.325036916666667 106.17082331666667 5000 283 0 326 811f9794-22e1-4f10-8def-c400ec71ac3c 1 0 
1763359735 11.3229543 106.17204965 2300 267 0 8 811f9794-22e1-4f10-8def-c400ec71ac3c 1 0 
1763359710 11.32089825 106.17273266666668 4100 326 0 335 811f9794-22e1-4f10-8def-c400ec71ac3c 1 0 
1763359685 11.318405499999999 106.17403018333334 5400 364 0 333 811f9794-22e1-4f10-8def-c400ec71ac3c 1 0 
1763359660 11.315619283333335 106.17545848333333 3700 136 0 327 811f9794-22e1-4f10-8def-c400ec71ac3c 1 0 
1763359635 11.314677633333334 106.17616028333332 0 173 0 324 811f9794-22e1-4f10-8def-c400ec71ac3c 1 0 
1763359610 11.313591983333334 106.17718303333335 5900 404 0 315 811f9794-22e1-4f10-8def-c400ec71ac3c 1 0 
1763359585 11.3111462 106.17968924999998 5500 411 0 316 811f9794-22e1-4f10-8def-c400ec71ac3c 1 0 
1763359560 11.308641983333333 106.18221663333334 5100 347 0 313 811f9794-22e1-4f10-8def-c400ec71ac3c 1 0 
1763359535 11.306527416666665 106.18434835000001 5400 470 0 314 811f9794-22e1-4f10-8def-c400ec71ac3c 1 0 
1763359510 11.303666383333333 106.18723138333334 5700 422 0 315 811f9794-22e1-4f10-8def-c400ec71ac3c 1 0 
1763359484 11.3011151 106.18984588333333 5400 436 693 314 811f9794-22e1-4f10-8def-c400ec71ac3c 1 1 /2025/11/17/570578/811f9794-22e1-4f10-8def-c400ec71ac3c/5e60b9f47c9444eb9a8d752c0f0e6cc7.jpg
1763359461 11.298477366666669 106.19254118333335 6300 437 0 316 811f9794-22e1-4f10-8def-c400ec71ac3c 1 0 
1763359436 11.295812450000001 106.19521926666667 5600 462 0 315 811f9794-22e1-4f10-8def-c400ec71ac3c 1 0 
1763359411 11.292990516666668 106.19804836666665 5500 343 0 314 811f9794-22e1-4f10-8def-c400ec71ac3c 1 0 
1763359385 11.290915250000001 106.20017563333334 5400 363 0 314 811f9794-22e1-4f10-8def-c400ec71ac3c 1 0 
1763359360 11.288715116666667 106.20242263333333 4800 349 0 314 811f9794-22e1-4f10-8def-c400ec71ac3c 1 0 
1763359335 11.286600700000001 106.20458731666668 4300 281 0 314 811f9794-22e1-4f10-8def-c400ec71ac3c 1 0 
1763359310 11.284885616666667 106.20631786666667 2600 82 0 313 811f9794-22e1-4f10-8def-c400ec71ac3c 1 0 
1763359284 11.284492066666667 106.20688938333333 0 5 0 166 811f9794-22e1-4f10-8def-c400ec71ac3c 1 0 
1763359259 11.284471499999999 106.20688573333334 100 0 0 227 811f9794-22e1-4f10-8def-c400ec71ac3c 1 0 
1763359234 11.284471499999999 106.20688573333334 0 0 0 49 811f9794-22e1-4f10-8def-c400ec71ac3c 1 0 
1763359209 11.284471499999999 106.20688573333334 0 0 0 49 811f9794-22e1-4f10-8def-c400ec71ac3c 1 0 
