# POST URL:
https://jira.shlx.vn/v1/logs?sn=868398070150262&iid=15125&tid=576802&v=2025.04.25.22.11

# Body dạng raw text (mỗi dòng một bản ghi):
# timestamp latitude longitude velocity distance distance2 direction session_id session_state face_id face_image

# === Bản ghi CÓ ảnh ===
1763362609 10.659149483333332 106.46513661666668 3200 264 679 317 aa0b4bc7-d584-4dee-ac3e-58202ca80f66 1 1 /2025/11/17/576802/aa0b4bc7-d584-4dee-ac3e-58202ca80f66/999d2d43f4ed4c889e3a32847051c7aa.jpg
1763362309 10.639889883333334 106.45889228333333 8500 577 667 53 aa0b4bc7-d584-4dee-ac3e-58202ca80f66 1 1 /2025/11/17/576802/aa0b4bc7-d584-4dee-ac3e-58202ca80f66/919a693234b34132a8039f1d568c2959.jpg
1763362010 10.606004683333333 106.42219568333333 6300 587 623 43 aa0b4bc7-d584-4dee-ac3e-58202ca80f66 1 1 /2025/11/17/576802/aa0b4bc7-d584-4dee-ac3e-58202ca80f66/7a078920eeef47fdbc0ece4789459c89.jpg
1763361709 10.568103766666665 106.38625933333333 6400 578 669 38 aa0b4bc7-d584-4dee-ac3e-58202ca80f66 1 1 /2025/11/17/576802/aa0b4bc7-d584-4dee-ac3e-58202ca80f66/71d10f63e7694896a0aa5023b0581fc9.jpg
1763361409 10.51637415 106.34880694999998 7500 510 650 34 aa0b4bc7-d584-4dee-ac3e-58202ca80f66 1 1 /2025/11/17/576802/aa0b4bc7-d584-4dee-ac3e-58202ca80f66/a77f243e1fd8400a9605388ead81615a.jpg

# === Bản ghi KHÔNG có ảnh ===
1763362784 10.670947666666667 106.45407871666666 4900 403 0 318 aa0b4bc7-d584-4dee-ac3e-58202ca80f66 1 0
1763362759 10.668406116666665 106.4564599 4300 264 0 317 aa0b4bc7-d584-4dee-ac3e-58202ca80f66 1 0
1763362734 10.666720816666668 106.45799555 1600 103 0 318 aa0b4bc7-d584-4dee-ac3e-58202ca80f66 1 0
1763362709 10.666094116666667 106.45863308333334 2400 307 0 317 aa0b4bc7-d584-4dee-ac3e-58202ca80f66 1 0
1763362684 10.664154316666668 106.46044791666667 4700 291 0 317 aa0b4bc7-d584-4dee-ac3e-58202ca80f66 1 0
1763362659 10.662313983333336 106.4621675 4100 272 0 316 aa0b4bc7-d584-4dee-ac3e-58202ca80f66 1 0
1763362634 10.660855516666667 106.46396803333333 2700 243 0 326 aa0b4bc7-d584-4dee-ac3e-58202ca80f66 1 0
1763362584 10.657498483333333 106.46670926666665 4500 300 0 316 aa0b4bc7-d584-4dee-ac3e-58202ca80f66 1 0
1763362559 10.656116716666668 106.46879491666665 3300 279 0 261 aa0b4bc7-d584-4dee-ac3e-58202ca80f66 1 0
1763362534 10.657392033333334 106.47082156666666 5000 345 0 254 aa0b4bc7-d584-4dee-ac3e-58202ca80f66 1 0
1763362510 10.656272833333333 106.47338436666665 3400 276 0 317 aa0b4bc7-d584-4dee-ac3e-58202ca80f66 1 0
1763362484 10.654473266666665 106.47495169999999 5300 366 0 322 aa0b4bc7-d584-4dee-ac3e-58202ca80f66 1 0
1763362459 10.651834466666665 106.47668053333334 3700 258 0 336 aa0b4bc7-d584-4dee-ac3e-58202ca80f66 1 0
1763362434 10.650805533333335 106.47544238333333 3600 268 0 121 aa0b4bc7-d584-4dee-ac3e-58202ca80f66 1 0
1763362409 10.650536299999999 106.47336165 4700 374 0 54 aa0b4bc7-d584-4dee-ac3e-58202ca80f66 1 0
1763362384 10.64862435 106.47074646666667 6400 491 0 53 aa0b4bc7-d584-4dee-ac3e-58202ca80f66 1 0
1763362359 10.646091633333333 106.46732726666666 6200 546 0 54 aa0b4bc7-d584-4dee-ac3e-58202ca80f66 1 0
1763362334 10.643310966666665 106.46350143333332 9000 662 0 53 aa0b4bc7-d584-4dee-ac3e-58202ca80f66 1 0
1763362284 10.636915500000002 106.45487040000002 7700 548 0 53 aa0b4bc7-d584-4dee-ac3e-58202ca80f66 1 0
1763362259 10.63403525 106.45109810000001 7600 538 0 52 aa0b4bc7-d584-4dee-ac3e-58202ca80f66 1 0
1763362234 10.631144833333334 106.44744485000001 6500 444 0 47 aa0b4bc7-d584-4dee-ac3e-58202ca80f66 1 0
1763362209 10.62857275 106.44458721666666 6100 507 0 45 aa0b4bc7-d584-4dee-ac3e-58202ca80f66 1 0
1763362184 10.625486133333334 106.44146791666665 6900 460 0 45 aa0b4bc7-d584-4dee-ac3e-58202ca80f66 1 0
1763362159 10.622706950000001 106.43861818333335 6300 480 0 44 aa0b4bc7-d584-4dee-ac3e-58202ca80f66 1 0
1763362134 10.619794466666667 106.43566451666666 6400 445 0 45 aa0b4bc7-d584-4dee-ac3e-58202ca80f66 1 0
1763362109 10.617100349999998 106.43291984999999 6500 440 0 44 aa0b4bc7-d584-4dee-ac3e-58202ca80f66 1 0
1763362084 10.614427383333334 106.43021558333334 6100 470 0 45 aa0b4bc7-d584-4dee-ac3e-58202ca80f66 1 0
1763362059 10.6114744 106.4274205 6300 433 0 42 aa0b4bc7-d584-4dee-ac3e-58202ca80f66 1 0
1763362034 10.608752049999998 106.42485158333332 5400 442 0 43 aa0b4bc7-d584-4dee-ac3e-58202ca80f66 1 0
1763361984 10.602433716666667 106.41858419999998 7700 419 0 44 aa0b4bc7-d584-4dee-ac3e-58202ca80f66 1 0
1763361959 10.599902899999998 106.41599 5800 454 0 45 aa0b4bc7-d584-4dee-ac3e-58202ca80f66 1 0
1763361934 10.597135399999997 106.41319973333333 5800 486 0 46 aa0b4bc7-d584-4dee-ac3e-58202ca80f66 1 0
1763361909 10.594161216666665 106.41023545000002 7300 486 0 43 aa0b4bc7-d584-4dee-ac3e-58202ca80f66 1 0
1763361884 10.59098925 106.40749136666666 6600 470 0 39 aa0b4bc7-d584-4dee-ac3e-58202ca80f66 1 0
1763361859 10.587873833333333 106.40488746666666 6400 460 0 39 aa0b4bc7-d584-4dee-ac3e-58202ca80f66 1 0
1763361834 10.584849133333334 106.40231556666667 6500 510 0 41 aa0b4bc7-d584-4dee-ac3e-58202ca80f66 1 0
1763361809 10.581736583333335 106.39919586666669 7400 537 0 45 aa0b4bc7-d584-4dee-ac3e-58202ca80f66 1 0
1763361784 10.578497450000002 106.39586261666666 7400 515 0 46 aa0b4bc7-d584-4dee-ac3e-58202ca80f66 1 0
1763361760 10.575372 106.39268468333333 8900 612 0 45 aa0b4bc7-d584-4dee-ac3e-58202ca80f66 1 0
1763361734 10.571512533333335 106.38907024999999 7400 512 0 39 aa0b4bc7-d584-4dee-ac3e-58202ca80f66 1 0
1763361684 10.564289566666666 106.38304251666665 7800 586 0 39 aa0b4bc7-d584-4dee-ac3e-58202ca80f66 1 0
1763361659 10.560392233333335 106.37982461666667 8600 630 0 39 aa0b4bc7-d584-4dee-ac3e-58202ca80f66 1 0
1763361634 10.556194216666665 106.37637000000001 8700 615 0 38 aa0b4bc7-d584-4dee-ac3e-58202ca80f66 1 0
1763361609 10.552074033333334 106.37302046666667 7800 561 0 40 aa0b4bc7-d584-4dee-ac3e-58202ca80f66 1 0
1763361584 10.548374716666668 106.36989978333334 8200 633 0 39 aa0b4bc7-d584-4dee-ac3e-58202ca80f66 1 0
1763361559 10.544159533333334 106.36643110000001 8600 597 0 39 aa0b4bc7-d584-4dee-ac3e-58202ca80f66 1 0
1763361534 10.540235533333336 106.36309373333333 8600 673 0 39 aa0b4bc7-d584-4dee-ac3e-58202ca80f66 1 0
1763361509 10.535401216666665 106.35991751666667 8900 656 0 28 aa0b4bc7-d584-4dee-ac3e-58202ca80f66 1 0
1763361484 10.530420733333335 106.35726548333332 8400 598 0 27 aa0b4bc7-d584-4dee-ac3e-58202ca80f66 1 0
1763361459 10.525880883333333 106.35484253333334 8300 659 0 27 aa0b4bc7-d584-4dee-ac3e-58202ca80f66 1 0
1763361434 10.5210134 106.35194006666667 9700 650 0 33 aa0b4bc7-d584-4dee-ac3e-58202ca80f66 1 0
1763361385 10.5127282 106.34635728333333 7700 604 0 32 aa0b4bc7-d584-4dee-ac3e-58202ca80f66 1 0
1763361360 10.5083704 106.34351251666666 8600 617 0 32 aa0b4bc7-d584-4dee-ac3e-58202ca80f66 1 0
1763361335 10.503866716666668 106.34069616666666 7400 584 0 32 aa0b4bc7-d584-4dee-ac3e-58202ca80f66 1 0
1763361310 10.499526183333334 106.33815966666667 8200 616 0 24 aa0b4bc7-d584-4dee-ac3e-58202ca80f66 1 0
1763361285 10.494542666666666 106.33639193333332 9100 658 0 18 aa0b4bc7-d584-4dee-ac3e-58202ca80f66 1 0
1763361260 10.489168016666667 106.33465961666667 8700 584 0 18 aa0b4bc7-d584-4dee-ac3e-58202ca80f66 1 0
1763361235 10.4844247 106.33302716666667 7700 615 0 18 aa0b4bc7-d584-4dee-ac3e-58202ca80f66 1 0
1763361209 10.479402983333333 106.33138521666666 8000 585 0 18 aa0b4bc7-d584-4dee-ac3e-58202ca80f66 1 0
1763361184 10.474637933333334 106.32978759999999 7100 558 0 18 aa0b4bc7-d584-4dee-ac3e-58202ca80f66 1 0
1763361159 10.470197399999998 106.3279963 7600 561 0 23 aa0b4bc7-d584-4dee-ac3e-58202ca80f66 1 0
1763361134 10.465775116666668 106.32607021666666 7100 520 0 23 aa0b4bc7-d584-4dee-ac3e-58202ca80f66 1 0
