# POST URL:
https://jira.shlx.vn/v1/logs?sn=632345600198324&iid=11057&tid=558993&v=2025.04.25.22.11

# Body dạng raw text (mỗi dòng một bản ghi):
# timestamp latitude longitude velocity distance distance2 direction session_id session_state face_id face_image

# === Bản ghi CÓ ảnh ===
1763362660 10.565676216666668 106.56752094999999 6800 410 699 110 ba9619ca-2fd6-443d-a410-11ae7f7cb985 1 1 /2025/11/17/558993/ba9619ca-2fd6-443d-a410-11ae7f7cb985/e312cb97166d4bb4ac9c7dbfe4850f52.jpg
1763362360 10.580884883333333 106.52876986666666 6000 428 650 134 ba9619ca-2fd6-443d-a410-11ae7f7cb985 1 1 /2025/11/17/558993/ba9619ca-2fd6-443d-a410-11ae7f7cb985/3e1576d89c834c3b99df9ac7185560f5.jpg
1763362060 10.572258566666669 106.54589541666668 6200 425 532 286 ba9619ca-2fd6-443d-a410-11ae7f7cb985 1 1 /2025/11/17/558993/ba9619ca-2fd6-443d-a410-11ae7f7cb985/a57372ad6ae344068454b2088d900316.jpg
1763361761 10.560207400000001 106.58238731666667 4700 304 658 289 ba9619ca-2fd6-443d-a410-11ae7f7cb985 1 1 /2025/11/17/558993/ba9619ca-2fd6-443d-a410-11ae7f7cb985/a52af25dcba3464fa0567c58b4eb98bb.jpg
1763361460 10.556325666666664 106.61336940000001 7000 384 633 262 ba9619ca-2fd6-443d-a410-11ae7f7cb985 1 1 /2025/11/17/558993/ba9619ca-2fd6-443d-a410-11ae7f7cb985/2de5ccc4e7874246a638032ea46f73c0.jpg
1763361159 10.5549129 106.60358128333334 5100 393 590 82 ba9619ca-2fd6-443d-a410-11ae7f7cb985 1 1 /2025/11/17/558993/ba9619ca-2fd6-443d-a410-11ae7f7cb985/1812e67102764a2c961def320a80d7fe.jpg

# === Bản ghi KHÔNG có ảnh ===
1763362785 10.559883116666667 106.58302975 5700 377 0 109 ba9619ca-2fd6-443d-a410-11ae7f7cb985 1 0
1763362760 10.561002583333334 106.57994490000002 5700 460 0 110 ba9619ca-2fd6-443d-a410-11ae7f7cb985 1 0
1763362735 10.562386033333333 106.57619054999999 6000 381 0 110 ba9619ca-2fd6-443d-a410-11ae7f7cb985 1 0
1763362710 10.563565483333331 106.57309418333334 3700 258 0 110 ba9619ca-2fd6-443d-a410-11ae7f7cb985 1 0
1763362685 10.564338133333335 106.57098415 4900 427 0 111 ba9619ca-2fd6-443d-a410-11ae7f7cb985 1 0
1763362636 10.566909416666666 106.56417233333335 5400 478 0 111 ba9619ca-2fd6-443d-a410-11ae7f7cb985 1 0
1763362611 10.568351566666669 106.56027379999999 5700 345 0 109 ba9619ca-2fd6-443d-a410-11ae7f7cb985 1 0
1763362585 10.569147383333332 106.55737605 3600 254 0 102 ba9619ca-2fd6-443d-a410-11ae7f7cb985 1 0
1763362560 10.569638950000002 106.55521766666668 4800 448 0 102 ba9619ca-2fd6-443d-a410-11ae7f7cb985 1 0
1763362535 10.570691766666668 106.55146091666666 6100 519 0 105 ba9619ca-2fd6-443d-a410-11ae7f7cb985 1 0
1763362510 10.571907266666665 106.54710813333334 6700 498 0 106 ba9619ca-2fd6-443d-a410-11ae7f7cb985 1 0
1763362485 10.573068833333332 106.54293253333331 6700 240 0 105 ba9619ca-2fd6-443d-a410-11ae7f7cb985 1 0
1763362460 10.573628250000002 106.54091333333332 2600 373 0 105 ba9619ca-2fd6-443d-a410-11ae7f7cb985 1 0
1763362435 10.574495466666667 106.53777935000001 6600 428 0 105 ba9619ca-2fd6-443d-a410-11ae7f7cb985 1 0
1763362410 10.575598133333335 106.53423366666667 4500 432 0 120 ba9619ca-2fd6-443d-a410-11ae7f7cb985 1 0
1763362385 10.578177233333333 106.53153390000001 6100 447 0 134 ba9619ca-2fd6-443d-a410-11ae7f7cb985 1 0
1763362336 10.583482033333333 106.52612701666666 6300 453 0 134 ba9619ca-2fd6-443d-a410-11ae7f7cb985 1 0
1763362311 10.586196683333332 106.52330481666668 4800 95 0 134 ba9619ca-2fd6-443d-a410-11ae7f7cb985 1 0
1763362286 10.586713533333333 106.52292118333335 400 41 0 314 ba9619ca-2fd6-443d-a410-11ae7f7cb985 1 0
1763362261 10.586479 106.52319199999998 100 178 0 303 ba9619ca-2fd6-443d-a410-11ae7f7cb985 1 0
1763362236 10.585377566666667 106.52426378333332 5200 422 0 315 ba9619ca-2fd6-443d-a410-11ae7f7cb985 1 0
1763362210 10.582835583333333 106.52688706666667 6400 450 0 314 ba9619ca-2fd6-443d-a410-11ae7f7cb985 1 0
1763362185 10.580110233333334 106.52965850000001 5400 440 0 314 ba9619ca-2fd6-443d-a410-11ae7f7cb985 1 0
1763362160 10.5774436 106.53237316666667 6700 415 0 315 ba9619ca-2fd6-443d-a410-11ae7f7cb985 1 0
1763362135 10.57525125 106.53514718333332 4100 349 0 286 ba9619ca-2fd6-443d-a410-11ae7f7cb985 1 0
1763362110 10.57443975 106.53807905000001 5900 485 0 284 ba9619ca-2fd6-443d-a410-11ae7f7cb985 1 0
1763362085 10.573308316666665 106.54215103333333 5700 447 0 285 ba9619ca-2fd6-443d-a410-11ae7f7cb985 1 0
1763362036 10.571309883333333 106.54947293333335 7200 450 0 284 ba9619ca-2fd6-443d-a410-11ae7f7cb985 1 0
1763362011 10.570240033333334 106.55324264999999 5700 467 0 285 ba9619ca-2fd6-443d-a410-11ae7f7cb985 1 0
1763361986 10.569256733333335 106.55718925000001 6000 384 0 282 ba9619ca-2fd6-443d-a410-11ae7f7cb985 1 0
1763361961 10.568372083333335 106.56041138333333 4800 353 0 289 ba9619ca-2fd6-443d-a410-11ae7f7cb985 1 0
1763361936 10.567331666666666 106.56329965000002 5800 531 0 290 ba9619ca-2fd6-443d-a410-11ae7f7cb985 1 0
1763361911 10.565736966666668 106.56763861666668 7500 511 0 290 ba9619ca-2fd6-443d-a410-11ae7f7cb985 1 0
1763361885 10.564157183333334 106.57179513333334 4400 239 0 291 ba9619ca-2fd6-443d-a410-11ae7f7cb985 1 0
1763361860 10.563420466666665 106.57374473333333 0 19 0 288 ba9619ca-2fd6-443d-a410-11ae7f7cb985 1 0
1763361835 10.563349066666667 106.57389483333333 2200 331 0 290 ba9619ca-2fd6-443d-a410-11ae7f7cb985 1 0
1763361810 10.562344133333333 106.57659823333333 4000 300 0 293 ba9619ca-2fd6-443d-a410-11ae7f7cb985 1 0
1763361785 10.561421166666666 106.57904556666666 5200 409 0 290 ba9619ca-2fd6-443d-a410-11ae7f7cb985 1 0
1763361735 10.559277416666665 106.58486366666666 4300 325 0 290 ba9619ca-2fd6-443d-a410-11ae7f7cb985 1 0
1763361710 10.558277666666667 106.5875076 5000 355 0 290 ba9619ca-2fd6-443d-a410-11ae7f7cb985 1 0
1763361685 10.557253166666666 106.59042085000002 4600 353 0 290 ba9619ca-2fd6-443d-a410-11ae7f7cb985 1 0
1763361660 10.556183566666668 106.59329913333335 4700 304 0 290 ba9619ca-2fd6-443d-a410-11ae7f7cb985 1 0
1763361635 10.555280083333333 106.59579125 4200 254 0 291 ba9619ca-2fd6-443d-a410-11ae7f7cb985 1 0
1763361611 10.554495183333332 106.59786129999999 3000 158 0 290 ba9619ca-2fd6-443d-a410-11ae7f7cb985 1 0
1763361585 10.554389383333334 106.59920671666666 1900 289 0 262 ba9619ca-2fd6-443d-a410-11ae7f7cb985 1 0
1763361560 10.554722550000001 106.60170393333334 5000 295 0 262 ba9619ca-2fd6-443d-a410-11ae7f7cb985 1 0
1763361536 10.55507115 106.60425288333333 0 128 0 262 ba9619ca-2fd6-443d-a410-11ae7f7cb985 1 0
1763361510 10.555220916666666 106.60536288333333 4400 467 0 262 ba9619ca-2fd6-443d-a410-11ae7f7cb985 1 0
1763361485 10.555779216666668 106.60939303333335 6000 461 0 261 ba9619ca-2fd6-443d-a410-11ae7f7cb985 1 0
1763361435 10.556767433333334 106.61669186666668 2000 81 0 264 ba9619ca-2fd6-443d-a410-11ae7f7cb985 1 0
1763361410 10.556867733333336 106.61739483333334 1100 263 0 262 ba9619ca-2fd6-443d-a410-11ae7f7cb985 1 0
1763361385 10.557179166666666 106.6196664 5400 431 0 262 ba9619ca-2fd6-443d-a410-11ae7f7cb985 1 0
1763361360 10.557685099999999 106.62338966666667 6000 309 0 262 ba9619ca-2fd6-443d-a410-11ae7f7cb985 1 0
1763361335 10.558067016666666 106.62605796666666 700 177 0 249 ba9619ca-2fd6-443d-a410-11ae7f7cb985 1 0
1763361310 10.5578076 106.62486589999999 4300 384 0 82 ba9619ca-2fd6-443d-a410-11ae7f7cb985 1 0
1763361285 10.55735545 106.62155266666666 6800 470 0 82 ba9619ca-2fd6-443d-a410-11ae7f7cb985 1 0
1763361260 10.556796333333333 106.61749624999999 5600 311 0 82 ba9619ca-2fd6-443d-a410-11ae7f7cb985 1 0
1763361235 10.556438883333332 106.61480738333333 3300 408 0 83 ba9619ca-2fd6-443d-a410-11ae7f7cb985 1 0
1763361209 10.555986116666668 106.61128306666666 5600 404 0 80 ba9619ca-2fd6-443d-a410-11ae7f7cb985 1 0
1763361184 10.555488533333335 106.60779683333334 6600 488 0 82 ba9619ca-2fd6-443d-a410-11ae7f7cb985 1 0
1763361134 10.55446495 106.60018604999999 5700 253 0 82 ba9619ca-2fd6-443d-a410-11ae7f7cb985 1 0
