# Tổng số bản ghi: 144
# Số bản ghi CÓ ảnh: 12
# Số bản ghi KHÔNG ảnh: 132

# POST URL:
https://jira.shlx.vn/v1/logs?sn=864503071278756&iid=14855&tid=569989&v=2025.04.25.22.11

# Body dạng raw text (mỗi dòng một bản ghi):
# timestamp latitude longitude velocity distance distance2 direction session_id session_state face_id face_image

# === Bản ghi CÓ ảnh ===
1763362710 11.57110115 106.16744921666665 4400 319 427 214 70a0e3c1-bdc4-438d-a958-179af209c5b5 1 1 /2025/11/17/569989/70a0e3c1-bdc4-438d-a958-179af209c5b5/c9b2f25367d5451a926d8e5c1ce03887.jpg
1763362410 11.597861283333335 106.180104 4500 367 349 206 70a0e3c1-bdc4-438d-a958-179af209c5b5 1 1 /2025/11/17/569989/70a0e3c1-bdc4-438d-a958-179af209c5b5/ec33376c39fc4586a25a610d1bb6dea4.jpg
1763362110 11.628235833333333 106.19603173333334 4300 301 383 205 70a0e3c1-bdc4-438d-a958-179af209c5b5 1 1 /2025/11/17/569989/70a0e3c1-bdc4-438d-a958-179af209c5b5/a0e1af8ecbd54ffca346410d2cfe96d1.jpg
1763361810 11.657374766666665 106.21165243333334 4600 245 497 211 70a0e3c1-bdc4-438d-a958-179af209c5b5 1 1 /2025/11/17/569989/70a0e3c1-bdc4-438d-a958-179af209c5b5/60991d9a102343cbadf3451aeb69b3f3.jpg
1763361510 11.656468683333333 106.23157275 6500 389 423 311 70a0e3c1-bdc4-438d-a958-179af209c5b5 1 1 /2025/11/17/569989/70a0e3c1-bdc4-438d-a958-179af209c5b5/644f1c36f7b44888b4e76f87c5a8091d.jpg
1763361210 11.628525266666667 106.26585103333333 6000 456 404 301 70a0e3c1-bdc4-438d-a958-179af209c5b5 1 1 /2025/11/17/569989/70a0e3c1-bdc4-438d-a958-179af209c5b5/bc915a3d7c3248b2b52fd960d8a68188.jpg
1763360909 11.604370133333335 106.30645438333335 7000 486 425 300 70a0e3c1-bdc4-438d-a958-179af209c5b5 1 1 /2025/11/17/569989/70a0e3c1-bdc4-438d-a958-179af209c5b5/e689d3fe042740f5a0ddbf24b969ddc4.jpg
1763360609 11.596970183333333 106.34847076666668 6800 479 408 270 70a0e3c1-bdc4-438d-a958-179af209c5b5 1 1 /2025/11/17/569989/70a0e3c1-bdc4-438d-a958-179af209c5b5/46971e548ddd4e809d4836bc1536940b.jpg
1763360309 11.6057637 106.39730816666666 6100 398 426 223 70a0e3c1-bdc4-438d-a958-179af209c5b5 1 1 /2025/11/17/569989/70a0e3c1-bdc4-438d-a958-179af209c5b5/c8d09cc537ab46348e133cd189920e95.jpg
1763360009 11.6153233 106.43722356666667 4900 376 394 285 70a0e3c1-bdc4-438d-a958-179af209c5b5 1 1 /2025/11/17/569989/70a0e3c1-bdc4-438d-a958-179af209c5b5/16268f6d62e242b282aeb32684ae1e34.jpg
1763359709 11.596073666666666 106.47957954999998 5400 300 387 319 70a0e3c1-bdc4-438d-a958-179af209c5b5 1 1 /2025/11/17/569989/70a0e3c1-bdc4-438d-a958-179af209c5b5/3fd07ff06ad54ee6957cebedbe7bf3a5.jpg
1763359409 11.60793295 106.44681778333333 7500 518 449 125 70a0e3c1-bdc4-438d-a958-179af209c5b5 1 1 /2025/11/17/569989/70a0e3c1-bdc4-438d-a958-179af209c5b5/ce87124fd87c4613a6106f33e91a3043.jpg

# === Bản ghi KHÔNG có ảnh ===
1763362785 11.562330816666668 106.16383554999999 5200 351 0 194 70a0e3c1-bdc4-438d-a958-179af209c5b5 1 0
1763362760 11.565228366666668 106.16464878333333 5200 405 0 198 70a0e3c1-bdc4-438d-a958-179af209c5b5 1 0
1763362735 11.56849145 106.16586594999998 5000 354 0 201 70a0e3c1-bdc4-438d-a958-179af209c5b5 1 0
1763362685 11.573556933333334 106.16859698333334 4500 278 0 194 70a0e3c1-bdc4-438d-a958-179af209c5b5 1 0
1763362660 11.575893316666669 106.16906436666667 3300 288 0 194 70a0e3c1-bdc4-438d-a958-179af209c5b5 1 0
1763362635 11.578276533333334 106.16973716666668 4200 293 0 199 70a0e3c1-bdc4-438d-a958-179af209c5b5 1 0
1763362610 11.580517433333334 106.17089061666665 4800 311 0 208 70a0e3c1-bdc4-438d-a958-179af209c5b5 1 0
1763362585 11.582884133333334 106.17214886666667 3800 229 0 209 70a0e3c1-bdc4-438d-a958-179af209c5b5 1 0
1763362560 11.584624283333335 106.1730837 1700 82 0 202 70a0e3c1-bdc4-438d-a958-179af209c5b5 1 0
1763362535 11.585258199999998 106.17338391666665 3600 351 0 209 70a0e3c1-bdc4-438d-a958-179af209c5b5 1 0
1763362510 11.587917716666668 106.17481981666667 4800 325 0 207 70a0e3c1-bdc4-438d-a958-179af209c5b5 1 0
1763362485 11.590399716666665 106.17612048333334 4100 330 0 207 70a0e3c1-bdc4-438d-a958-179af209c5b5 1 0
1763362460 11.592905766666668 106.17745543333334 5100 360 0 207 70a0e3c1-bdc4-438d-a958-179af209c5b5 1 0
1763362435 11.595644616666668 106.1789119 4600 292 0 208 70a0e3c1-bdc4-438d-a958-179af209c5b5 1 0
1763362385 11.600645316666665 106.18159473333331 4700 359 0 208 70a0e3c1-bdc4-438d-a958-179af209c5b5 1 0
1763362360 11.603358716666666 106.18308138333332 5300 334 0 207 70a0e3c1-bdc4-438d-a958-179af209c5b5 1 0
1763362335 11.605870666666666 106.18448558333333 4400 277 0 209 70a0e3c1-bdc4-438d-a958-179af209c5b5 1 0
1763362310 11.607970933333336 106.18561919999999 3400 249 0 207 70a0e3c1-bdc4-438d-a958-179af209c5b5 1 0
1763362285 11.609855999999999 106.18664855 3800 365 0 208 70a0e3c1-bdc4-438d-a958-179af209c5b5 1 0
1763362260 11.612635166666667 106.18812324999999 4700 363 0 206 70a0e3c1-bdc4-438d-a958-179af209c5b5 1 0
1763362235 11.615416766666666 106.18954501666667 4700 313 0 206 70a0e3c1-bdc4-438d-a958-179af209c5b5 1 0
1763362210 11.617807333333333 106.19079666666667 4400 332 0 205 70a0e3c1-bdc4-438d-a958-179af209c5b5 1 0
1763362185 11.620364649999999 106.19208328333335 4800 343 0 205 70a0e3c1-bdc4-438d-a958-179af209c5b5 1 0
1763362160 11.623001749999998 106.1934146 3600 305 0 204 70a0e3c1-bdc4-438d-a958-179af209c5b5 1 0
1763362135 11.625349300000002 106.19458306666665 4900 375 0 206 70a0e3c1-bdc4-438d-a958-179af209c5b5 1 0
1763362087 11.630547799999999 106.19720468333335 5100 310 0 206 70a0e3c1-bdc4-438d-a958-179af209c5b5 1 0
1763362062 11.632937316666668 106.19838608333333 2600 177 0 206 70a0e3c1-bdc4-438d-a958-179af209c5b5 1 0
1763362037 11.634293833333334 106.19907053333333 2100 61 0 208 70a0e3c1-bdc4-438d-a958-179af209c5b5 1 0
1763362012 11.634759966666666 106.19931698333333 1600 343 0 205 70a0e3c1-bdc4-438d-a958-179af209c5b5 1 0
1763361987 11.637383700000003 106.20067056666667 5400 396 0 207 70a0e3c1-bdc4-438d-a958-179af209c5b5 1 0
1763361962 11.640411099999998 106.20224756666667 4200 349 0 206 70a0e3c1-bdc4-438d-a958-179af209c5b5 1 0
1763361937 11.643080533333334 106.20362088333334 5500 411 0 208 70a0e3c1-bdc4-438d-a958-179af209c5b5 1 0
1763361912 11.646194099999999 106.20529533333332 5200 384 0 207 70a0e3c1-bdc4-438d-a958-179af209c5b5 1 0
1763361886 11.649075049999999 106.20691318333333 5600 385 0 208 70a0e3c1-bdc4-438d-a958-179af209c5b5 1 0
1763361861 11.651975466666666 106.2085153 4600 352 0 208 70a0e3c1-bdc4-438d-a958-179af209c5b5 1 0
1763361836 11.654593433333332 106.21005058333334 5200 372 0 208 70a0e3c1-bdc4-438d-a958-179af209c5b5 1 0
1763361785 11.6591243 106.21284156666667 3000 275 0 211 70a0e3c1-bdc4-438d-a958-179af209c5b5 1 0
1763361760 11.661066433333334 106.21421274999999 4100 304 0 214 70a0e3c1-bdc4-438d-a958-179af209c5b5 1 0
1763361735 11.663217366666666 106.21571103333332 4100 295 0 216 70a0e3c1-bdc4-438d-a958-179af209c5b5 1 0
1763361710 11.665287916666667 106.217202 3900 254 0 215 70a0e3c1-bdc4-438d-a958-179af209c5b5 1 0
1763361685 11.6670282 106.21853785 2000 118 0 218 70a0e3c1-bdc4-438d-a958-179af209c5b5 1 0
1763361660 11.667407133333333 106.21926565 300 1 0 311 70a0e3c1-bdc4-438d-a958-179af209c5b5 1 0
1763361635 11.66739675 106.21926943333334 0 103 0 119 70a0e3c1-bdc4-438d-a958-179af209c5b5 1 0
1763361610 11.666791166666666 106.21993431666667 3900 402 0 312 70a0e3c1-bdc4-438d-a958-179af209c5b5 1 0
1763361585 11.664459783333333 106.22252925 5700 429 0 312 70a0e3c1-bdc4-438d-a958-179af209c5b5 1 0
1763361560 11.661985233333333 106.22530331666667 5900 465 0 311 70a0e3c1-bdc4-438d-a958-179af209c5b5 1 0
1763361535 11.659326283333334 106.22833066666665 6600 498 0 311 70a0e3c1-bdc4-438d-a958-179af209c5b5 1 0
1763361486 11.654246233333334 106.23410793333332 5800 492 0 311 70a0e3c1-bdc4-438d-a958-179af209c5b5 1 0
1763361461 11.6514512 106.23733515 6500 506 0 311 70a0e3c1-bdc4-438d-a958-179af209c5b5 1 0
1763361436 11.648571049999997 106.24065243333334 6600 463 0 312 70a0e3c1-bdc4-438d-a958-179af209c5b5 1 0
1763361411 11.645953149999999 106.24369399999999 6600 459 0 310 70a0e3c1-bdc4-438d-a958-179af209c5b5 1 0
1763361386 11.6433675 106.24671881666667 6400 488 0 310 70a0e3c1-bdc4-438d-a958-179af209c5b5 1 0
1763361361 11.640613816666667 106.24993119999999 6200 440 0 310 70a0e3c1-bdc4-438d-a958-179af209c5b5 1 0
1763361336 11.638157816666668 106.2528533 6300 493 0 311 70a0e3c1-bdc4-438d-a958-179af209c5b5 1 0
1763361311 11.635381733333334 106.25610520000001 6000 401 0 310 70a0e3c1-bdc4-438d-a958-179af209c5b5 1 0
1763361286 11.633103516666665 106.25873451666666 5000 354 0 322 70a0e3c1-bdc4-438d-a958-179af209c5b5 1 0
1763361260 11.630787300000001 106.26072434999999 4200 278 0 308 70a0e3c1-bdc4-438d-a958-179af209c5b5 1 0
1763361235 11.6300475 106.26303078333333 2900 369 0 289 70a0e3c1-bdc4-438d-a958-179af209c5b5 1 0
1763361184 11.626482216666666 106.26925508333333 5500 366 0 301 70a0e3c1-bdc4-438d-a958-179af209c5b5 1 0
1763361159 11.624867266666667 106.2720003 5800 423 0 301 70a0e3c1-bdc4-438d-a958-179af209c5b5 1 0
1763361134 11.622996283333334 106.27517458333332 6200 473 0 300 70a0e3c1-bdc4-438d-a958-179af209c5b5 1 0
1763361109 11.6209351 106.27874130000001 6000 416 0 300 70a0e3c1-bdc4-438d-a958-179af209c5b5 1 0
1763361084 11.619017416666669 106.2818055 7000 490 0 301 70a0e3c1-bdc4-438d-a958-179af209c5b5 1 0
1763361059 11.616771833333333 106.28543146666668 6900 503 0 301 70a0e3c1-bdc4-438d-a958-179af209c5b5 1 0
1763361034 11.614536116666667 106.28919698333333 5800 422 0 300 70a0e3c1-bdc4-438d-a958-179af209c5b5 1 0
1763361009 11.6126665 106.29235513333333 6000 429 0 300 70a0e3c1-bdc4-438d-a958-179af209c5b5 1 0
1763360984 11.610767866666666 106.29556705000002 6200 500 0 301 70a0e3c1-bdc4-438d-a958-179af209c5b5 1 0
1763360960 11.608579933333333 106.29933129999999 6500 476 0 301 70a0e3c1-bdc4-438d-a958-179af209c5b5 1 0
1763360934 11.606465949999999 106.30289273333334 6200 475 0 300 70a0e3c1-bdc4-438d-a958-179af209c5b5 1 0
1763360884 11.60217085 106.31006618333335 6900 516 0 301 70a0e3c1-bdc4-438d-a958-179af209c5b5 1 0
1763360859 11.599818933333331 106.31388739999998 6700 504 0 301 70a0e3c1-bdc4-438d-a958-179af209c5b5 1 0
1763360834 11.597564250000001 106.31765134999999 6400 415 0 301 70a0e3c1-bdc4-438d-a958-179af209c5b5 1 0
1763360809 11.595789683333331 106.32079421666667 4900 404 0 296 70a0e3c1-bdc4-438d-a958-179af209c5b5 1 0
1763360784 11.595277099999999 106.3242337 6400 415 0 264 70a0e3c1-bdc4-438d-a958-179af209c5b5 1 0
1763360759 11.595611583333334 106.32784638333332 4800 274 0 264 70a0e3c1-bdc4-438d-a958-179af209c5b5 1 0
1763360734 11.595824883333334 106.33023325 1200 256 0 264 70a0e3c1-bdc4-438d-a958-179af209c5b5 1 0
1763360709 11.596082650000001 106.33245755000002 5700 414 0 264 70a0e3c1-bdc4-438d-a958-179af209c5b5 1 0
1763360684 11.596358616666665 106.33606454999999 5300 421 0 266 70a0e3c1-bdc4-438d-a958-179af209c5b5 1 0
1763360659 11.59665675 106.33973691666667 5600 504 0 264 70a0e3c1-bdc4-438d-a958-179af209c5b5 1 0
1763360634 11.597007766666666 106.34413476666666 7000 496 0 266 70a0e3c1-bdc4-438d-a958-179af209c5b5 1 0
1763360585 11.596904649999999 106.35266578333334 6800 556 0 271 70a0e3c1-bdc4-438d-a958-179af209c5b5 1 0
1763360560 11.596812816666667 106.35752509999999 7700 544 0 270 70a0e3c1-bdc4-438d-a958-179af209c5b5 1 0
1763360535 11.596692016666669 106.36228633333333 7600 556 0 271 70a0e3c1-bdc4-438d-a958-179af209c5b5 1 0
1763360510 11.596584316666668 106.36714988333333 8000 600 0 270 70a0e3c1-bdc4-438d-a958-179af209c5b5 1 0
1763360485 11.596443533333336 106.37239396666668 7600 558 0 271 70a0e3c1-bdc4-438d-a958-179af209c5b5 1 0
1763360460 11.59634895 106.37727426666667 7000 515 0 271 70a0e3c1-bdc4-438d-a958-179af209c5b5 1 0
1763360435 11.596256149999999 106.38178330000001 7800 506 0 270 70a0e3c1-bdc4-438d-a958-179af209c5b5 1 0
1763360410 11.596190049999999 106.38620975 5500 402 0 268 70a0e3c1-bdc4-438d-a958-179af209c5b5 1 0
1763360384 11.597588383333335 106.38930503333334 5800 435 0 223 70a0e3c1-bdc4-438d-a958-179af209c5b5 1 0
1763360359 11.600277983333335 106.39194295 5400 378 0 224 70a0e3c1-bdc4-438d-a958-179af209c5b5 1 0
1763360334 11.602615683333333 106.39423659999999 6900 508 0 223 70a0e3c1-bdc4-438d-a958-179af209c5b5 1 0
1763360284 11.608225433333333 106.39971820000001 5900 479 0 223 70a0e3c1-bdc4-438d-a958-179af209c5b5 1 0
1763360259 11.61117 106.40263565 6300 505 0 223 70a0e3c1-bdc4-438d-a958-179af209c5b5 1 0
1763360234 11.61433385 106.40564844999999 7100 481 0 223 70a0e3c1-bdc4-438d-a958-179af209c5b5 1 0
1763360209 11.617350500000002 106.40851666666667 6300 400 0 223 70a0e3c1-bdc4-438d-a958-179af209c5b5 1 0
1763360184 11.61910505 106.41132203333333 5900 485 0 275 70a0e3c1-bdc4-438d-a958-179af209c5b5 1 0
1763360159 11.618688116666666 106.41554560000002 6700 497 0 275 70a0e3c1-bdc4-438d-a958-179af209c5b5 1 0
1763360134 11.618283733333332 106.41987233333333 6900 471 0 275 70a0e3c1-bdc4-438d-a958-179af209c5b5 1 0
1763360109 11.617882633333332 106.42396986666667 5900 460 0 275 70a0e3c1-bdc4-438d-a958-179af209c5b5 1 0
1763360084 11.617520666666667 106.42797691666668 5500 367 0 276 70a0e3c1-bdc4-438d-a958-179af209c5b5 1 0
1763360059 11.616941450000002 106.43111634999998 4000 340 0 296 70a0e3c1-bdc4-438d-a958-179af209c5b5 1 0
1763360034 11.615463299999998 106.43366130000001 4600 409 0 282 70a0e3c1-bdc4-438d-a958-179af209c5b5 1 0
1763359984 11.612925066666666 106.43931293333331 4800 466 0 317 70a0e3c1-bdc4-438d-a958-179af209c5b5 1 0
1763359959 11.61090565 106.44282098333333 7000 513 0 300 70a0e3c1-bdc4-438d-a958-179af209c5b5 1 0
1763359934 11.608305133333333 106.44644051666667 6500 445 0 306 70a0e3c1-bdc4-438d-a958-179af209c5b5 1 0
1763359909 11.606072166666669 106.44959888333332 7000 515 0 306 70a0e3c1-bdc4-438d-a958-179af209c5b5 1 0
1763359884 11.60346205 106.45323348333335 7200 542 0 306 70a0e3c1-bdc4-438d-a958-179af209c5b5 1 0
1763359859 11.600555866666665 106.45692381666667 6600 411 0 312 70a0e3c1-bdc4-438d-a958-179af209c5b5 1 0
1763359834 11.5981897 106.45955813333333 5200 483 0 297 70a0e3c1-bdc4-438d-a958-179af209c5b5 1 0
1763359809 11.597743683333332 106.46367433333334 7600 549 0 266 70a0e3c1-bdc4-438d-a958-179af209c5b5 1 0
1763359784 11.597950266666665 106.46846755 7000 537 0 268 70a0e3c1-bdc4-438d-a958-179af209c5b5 1 0
1763359759 11.597979966666665 106.47316851666668 7500 431 0 270 70a0e3c1-bdc4-438d-a958-179af209c5b5 1 0
1763359734 11.597918783333334 106.47694054999998 5100 384 0 279 70a0e3c1-bdc4-438d-a958-179af209c5b5 1 0
1763359684 11.594160116666668 106.48133775 2400 59 0 317 70a0e3c1-bdc4-438d-a958-179af209c5b5 1 0
1763359659 11.593819716666667 106.48148549999999 1200 302 0 137 70a0e3c1-bdc4-438d-a958-179af209c5b5 1 0
1763359634 11.595774633333333 106.47975375 5100 327 0 139 70a0e3c1-bdc4-438d-a958-179af209c5b5 1 0
1763359609 11.597674549999999 106.47769886666669 4900 412 0 108 70a0e3c1-bdc4-438d-a958-179af209c5b5 1 0
1763359584 11.597962033333333 106.47412088333334 7200 553 0 90 70a0e3c1-bdc4-438d-a958-179af209c5b5 1 0
1763359559 11.597962266666665 106.46928068333334 6800 490 0 87 70a0e3c1-bdc4-438d-a958-179af209c5b5 1 0
1763359534 11.5978254 106.46499639999999 6800 458 0 86 70a0e3c1-bdc4-438d-a958-179af209c5b5 1 0
1763359509 11.597611633333335 106.46099761666667 5300 514 0 95 70a0e3c1-bdc4-438d-a958-179af209c5b5 1 0
1763359484 11.600013116666666 106.4573204 7800 486 0 132 70a0e3c1-bdc4-438d-a958-179af209c5b5 1 0
1763359459 11.602720566666669 106.45409206666666 6600 464 0 126 70a0e3c1-bdc4-438d-a958-179af209c5b5 1 0
1763359434 11.605068549999999 106.45081096666667 7100 566 0 125 70a0e3c1-bdc4-438d-a958-179af209c5b5 1 0
1763359383 11.610619166666668 106.44320571666667 6400 455 0 123 70a0e3c1-bdc4-438d-a958-179af209c5b5 1 0
1763359358 11.612476783333333 106.43970103333335 5600 380 0 123 70a0e3c1-bdc4-438d-a958-179af209c5b5 1 0
1763359334 11.615016533333336 106.43768783333334 4800 435 0 123 70a0e3c1-bdc4-438d-a958-179af209c5b5 1 0
1763359308 11.615342283333332 106.43394535 5500 355 0 95 70a0e3c1-bdc4-438d-a958-179af209c5b5 1 0
1763359283 11.616800716666667 106.43126071666666 5100 402 0 120 70a0e3c1-bdc4-438d-a958-179af209c5b5 1 0
1763359259 11.617487766666667 106.42784331666665 6000 488 0 95 70a0e3c1-bdc4-438d-a958-179af209c5b5 1 0
1763359233 11.617873933333332 106.42358648333332 6200 415 0 95 70a0e3c1-bdc4-438d-a958-179af209c5b5 1 0
1763359208 11.61823371666667 106.41997263333333 5900 542 0 95 70a0e3c1-bdc4-438d-a958-179af209c5b5 1 0
